1.243100e+07  5.173397e-01
1.178951e+07  6.062859e-01
1.118112e+07  7.019648e-01
1.060413e+07  8.139835e-01
1.005692e+07  9.329819e-01
9.537940e+06  1.068788e+00
9.045743e+06  1.222359e+00
8.578947e+06  1.392585e+00
8.136238e+06  1.583085e+00
7.716376e+06  1.790866e+00
7.318180e+06  2.018716e+00
6.940532e+06  2.267826e+00
6.582373e+06  2.533665e+00
6.242696e+06  2.830422e+00
5.920547e+06  3.137985e+00
5.615023e+06  3.485483e+00
5.325266e+06  3.860586e+00
5.050460e+06  4.255860e+00
4.789836e+06  4.688325e+00
4.542661e+06  5.129530e+00
4.308242e+06  5.611434e+00
4.085919e+06  6.098899e+00
3.875069e+06  6.585916e+00
3.675100e+06  7.117533e+00
3.485450e+06  7.640598e+00
3.305587e+06  8.192536e+00
3.135005e+06  8.717865e+00
2.973226e+06  9.257304e+00
2.819796e+06  9.767050e+00
2.674283e+06  1.026365e+01
2.536279e+06  1.071275e+01
2.405397e+06  1.113245e+01
2.281269e+06  1.153851e+01
2.163546e+06  1.186663e+01
2.051898e+06  1.216038e+01
1.946012e+06  1.238240e+01
1.845590e+06  1.253963e+01
1.750350e+06  1.264211e+01
1.660025e+06  1.265825e+01
1.574361e+06  1.260086e+01
1.493118e+06  1.248725e+01
1.416067e+06  1.230966e+01
1.342992e+06  1.206227e+01
1.273688e+06  1.174472e+01
1.207961e+06  1.137607e+01
1.145625e+06  1.094757e+01
1.086506e+06  1.047586e+01
1.030438e+06  9.968333e+00
9.772635e+05  9.421387e+00
9.268327e+05  8.894957e+00
8.790044e+05  8.318530e+00
8.336443e+05  7.741651e+00
7.906249e+05  7.167384e+00
7.498254e+05  6.602616e+00
7.111314e+05  6.059925e+00
6.744342e+05  5.540003e+00
6.396307e+05  5.071971e+00
6.066231e+05  4.624352e+00
5.753189e+05  4.205720e+00
5.456302e+05  3.841784e+00
5.174734e+05  3.509934e+00
4.907697e+05  3.233233e+00
4.654440e+05  2.992697e+00
4.414252e+05  2.800848e+00
4.186459e+05  2.645865e+00
3.970421e+05  2.524526e+00
3.765531e+05  2.463015e+00
3.571215e+05  2.399312e+00
3.386926e+05  2.392232e+00
3.212147e+05  2.389826e+00
3.046387e+05  2.420022e+00
2.889181e+05  2.465110e+00
2.740088e+05  2.524691e+00
2.598688e+05  2.593998e+00
2.464585e+05  2.669185e+00
2.337403e+05  2.743275e+00
2.216783e+05  2.815172e+00
2.102388e+05  2.883294e+00
1.993897e+05  2.941934e+00
1.891004e+05  2.991271e+00
1.793420e+05  3.023696e+00
1.700873e+05  3.045144e+00
1.613101e+05  3.050049e+00
1.529858e+05  3.032480e+00
1.450911e+05  3.012465e+00
1.376038e+05  2.967234e+00
1.305029e+05  2.914921e+00
1.237685e+05  2.849907e+00
1.173815e+05  2.768514e+00
1.113241e+05  2.683648e+00
1.055794e+05  2.587787e+00
1.001311e+05  2.496081e+00
9.496388e+04  2.400560e+00
9.006337e+04  2.317261e+00
8.541573e+04  2.235110e+00
8.100794e+04  2.167939e+00
7.682760e+04  2.111636e+00
7.286299e+04  2.079428e+00
6.910296e+04  2.062379e+00
6.553697e+04  2.077651e+00
6.215500e+04  2.112224e+00
5.894755e+04  2.187696e+00
5.590562e+04  2.284419e+00
5.302067e+04  2.420556e+00
5.028459e+04  2.591140e+00
4.768970e+04  2.799840e+00
4.522872e+04  3.032503e+00
4.289473e+04  3.313681e+00
4.068119e+04  3.603482e+00
3.858188e+04  3.945440e+00
3.659090e+04  4.286959e+00
3.470266e+04  4.683842e+00
3.291186e+04  5.084620e+00
3.121348e+04  5.531464e+00
2.960274e+04  5.959555e+00
2.807512e+04  6.418975e+00
2.662633e+04  6.884261e+00
2.525230e+04  7.367377e+00
2.394918e+04  7.785768e+00
2.271331e+04  8.208991e+00
2.154121e+04  8.606946e+00
2.042960e+04  9.006147e+00
1.937535e+04  9.337316e+00
1.837550e+04  9.625951e+00
1.742725e+04  9.847094e+00
1.652793e+04  1.003144e+01
1.567503e+04  1.017118e+01
1.486613e+04  1.031234e+01
1.409898e+04  1.042261e+01
1.337142e+04  1.051078e+01
1.268140e+04  1.055544e+01
1.202699e+04  1.056313e+01
1.140634e+04  1.051118e+01
1.081773e+04  1.041780e+01
1.025949e+04  1.025228e+01
9.730061e+03  1.007484e+01
9.227951e+03  9.845014e+00
8.751751e+03  9.554901e+00
8.300126e+03  9.242161e+00
7.871806e+03  8.888652e+00
7.465589e+03  8.515287e+00
7.080334e+03  8.120229e+00
6.714961e+03  7.724489e+00
6.368442e+03  7.283885e+00
6.039804e+03  6.869855e+00
5.728126e+03  6.425188e+00
5.432532e+03  5.997177e+00
5.152191e+03  5.559374e+00
4.886317e+03  5.149174e+00
4.634164e+03  4.733073e+00
4.395022e+03  4.377678e+00
4.168221e+03  4.030745e+00
3.953124e+03  3.808261e+00
3.749127e+03  3.590792e+00
3.555657e+03  3.429957e+00
3.372171e+03  3.254382e+00
3.198153e+03  3.075243e+00
3.033116e+03  2.912698e+00
2.876595e+03  2.757440e+00
2.728151e+03  2.626818e+00
2.587367e+03  2.458580e+00
2.453849e+03  2.305236e+00
2.327220e+03  2.111293e+00
2.207126e+03  1.948404e+00
2.093230e+03  1.760655e+00
1.985211e+03  1.599186e+00
1.882766e+03  1.413859e+00
1.785607e+03  1.257793e+00
1.693463e+03  1.088408e+00
1.606073e+03  9.410009e-01
1.523193e+03  7.895038e-01
1.444591e+03  6.527611e-01
1.370044e+03  5.039007e-01
1.299344e+03  3.880131e-01
1.232293e+03  2.801950e-01
1.168701e+03  1.664807e-01
1.108392e+03  9.433318e-02
1.051194e+03  5.027103e-02
9.969484e+02  2.323726e-02
9.455018e+02  2.541778e-03
8.967101e+02  1.096642e-52
8.504363e+02  1.264797e-52
8.065503e+02  1.425261e-52
7.649291e+02  1.640195e-52
7.254557e+02  1.845030e-52
6.880192e+02  2.117927e-52
6.525147e+02  2.377612e-52
6.188423e+02  2.721430e-52
5.869075e+02  3.048085e-52
5.566207e+02  3.477512e-52
5.278969e+02  3.884893e-52
5.006553e+02  4.334877e-52
4.748194e+02  4.919758e-52
4.503168e+02  5.473727e-52
4.270787e+02  6.187671e-52
4.050397e+02  6.863559e-52
3.841380e+02  7.727108e-52
3.643149e+02  8.213819e-52
3.455148e+02  8.660749e-52
